0 0.63898 0.165022 0.0188231 0.0164474
0 0.728253 0.185718 0.0157164 0.0227522
0 0.994061 0.9804 0.0107822 0.0391996
0 0.759046 0.177632 0.0166301 0.0164474
0 0.683114 0.188734 0.0179094 0.0139803
0 0.517087 0.162418 0.0162646 0.0117873
0 0.00767544 0.611157 0.0135234 0.0830592
0 0.662372 0.180921 0.0213816 0.0169956
0 0.502376 0.16557 0.0171784 0.0175439
0 0.567526 0.143092 0.0162646 0.0131579
0 0.470577 0.130208 0.0164474 0.0153509
0 0.433205 0.180784 0.0191886 0.011239
0 0.581506 0.132812 0.0186404 0.013432
0 0.605263 0.159539 0.0186404 0.0169956
0 0.572094 0.116365 0.0217471 0.011239
0 0.781524 0.183936 0.0228436 0.0175439
0 0.68083 0.146656 0.0180921 0.0164474
0 0.699379 0.170641 0.0179094 0.0123355
0 0.551535 0.148986 0.0168129 0.013432
0 0.781524 0.205044 0.0257675 0.0158991
0 0.742416 0.179002 0.0169956 0.0153509
0 0.680738 0.165707 0.0171784 0.0150768
0 0.657255 0.150905 0.0235746 0.0167215
0 0.472679 0.1642 0.0133406 0.0180921
0 0.721308 0.203947 0.0193713 0.0142544
0 0.629386 0.141859 0.0182749 0.0238487
0 0.529971 0.150219 0.0164474 0.0109649
0 0.628107 0.119655 0.0190058 0.0117873
0 0.604258 0.130345 0.0184576 0.0128838
0 0.530336 0.132127 0.0164474 0.0158991
0 0.701389 0.186678 0.0168129 0.0158991
0 0.784539 0.153783 0.0182749 0.0148026
0 0.665022 0.134594 0.0204678 0.0142544
0 0.546692 0.129249 0.0126096 0.0139803
0 0.592105 0.113076 0.0186404 0.015625
0 0.406798 0.184485 0.0222953 0.0142544
0 0.58114 0.162144 0.0164474 0.011239
0 0.744518 0.151727 0.0168129 0.011239
0 0.509868 0.135417 0.0168129 0.0148026
0 0.715095 0.154468 0.0171784 0.0128838
0 0.452029 0.17585 0.0151681 0.0150768
0 0.742142 0.200932 0.0135234 0.0104167
0 0.489857 0.137336 0.0140716 0.0148026
0 0.550713 0.168311 0.0173611 0.0131579
0 0.422789 0.151864 0.0137061 0.0131579
0 0.455866 0.131168 0.0162646 0.0161732
0 0.380391 0.162692 0.0239401 0.0254934
0 0.454496 0.150219 0.0182749 0.0142544
0 0.379934 0.134046 0.0259503 0.0175439
0 0.422423 0.13295 0.0191886 0.0213816
0 0.375822 0.187774 0.0235746 0.0224781
0 0.371436 0.353755 0.0564693 0.0622259
