0 0.743421 0.912144 0.0208333 0.0145285
0 0.580135 0.86705 0.0144371 0.0191886
0 0.734832 0.888295 0.0160819 0.0161732
0 0.584064 0.897752 0.0252193 0.0142544
0 0.559576 0.898026 0.0149854 0.0115132
0 0.507036 0.878838 0.0155336 0.0148026
0 0.603162 0.856908 0.0184576 0.0142544
0 0.419134 0.918037 0.0173611 0.0120614
0 0.516904 0.89597 0.0173611 0.0150768
0 0.633224 0.883909 0.0215643 0.0161732
0 0.681652 0.898163 0.0186404 0.013432
0 0.453399 0.914474 0.0160819 0.0158991
0 0.496893 0.897341 0.0171784 0.015625
0 0.746893 0.86568 0.0244883 0.0153509
0 0.496071 0.915844 0.0180921 0.0126096
0 0.363395 0.875 0.033443 0.0241228
0 0.672606 0.9179 0.0191886 0.0139803
0 0.657986 0.894737 0.0155336 0.0164474
0 0.720029 0.896382 0.0153509 0.0175439
0 0.467836 0.914474 0.0153509 0.0169956
0 0.703582 0.902138 0.0193713 0.0148026
0 0.524945 0.86938 0.0111477 0.0123355
0 0.694536 0.877056 0.0144371 0.0128838
0 0.666301 0.875822 0.0160819 0.0126096
0 0.395194 0.920916 0.0213816 0.013432
0 0.52723 0.912829 0.0168129 0.0131579
0 0.690881 0.92119 0.0188231 0.013432
0 0.754477 0.889254 0.0279605 0.0186404
0 0.633863 0.91091 0.0184576 0.0158991
0 0.568531 0.854441 0.0142544 0.0109649
0 0.558754 0.875959 0.0166301 0.0139803
0 0.451572 0.875685 0.0142544 0.0117873
0 0.420779 0.877604 0.0158991 0.0167215
0 0.434667 0.917489 0.0158991 0.0126096
0 0.539748 0.882675 0.0140716 0.0109649
0 0.403417 0.897341 0.0169956 0.0117873
0 0.492873 0.878975 0.0157164 0.0150768
0 0.358644 0.928317 0.0217471 0.0238487
0 0.436404 0.897615 0.0175439 0.015625
0 0.641813 0.866639 0.0201023 0.0128838
0 0.469207 0.883498 0.0129751 0.0142544
0 0.543586 0.861705 0.0158991 0.015625
0 0.402778 0.876645 0.0157164 0.0153509
0 0.718659 0.916393 0.0158991 0.0120614
0 0.361385 0.904331 0.028326 0.0235746
