0 0.694444 0.513843 0.0175439 0.015625
0 0.744974 0.512061 0.0151681 0.0137061
0 0.73008 0.513021 0.0149854 0.0128838
0 0.592928 0.534814 0.028326 0.0197368
0 0.658077 0.55455 0.0208333 0.0180921
0 0.645011 0.519737 0.0199196 0.0180921
0 0.480355 0.533306 0.0148026 0.0227522
0 0.756213 0.54057 0.0171784 0.0153509
0 0.638067 0.543311 0.0169956 0.0191886
0 0.549982 0.492188 0.0126096 0.011239
0 0.608553 0.483004 0.0208333 0.0115132
0 0.667763 0.529468 0.0182749 0.0167215
0 0.762153 0.559759 0.0221126 0.0158991
0 0.718385 0.569353 0.0190058 0.0164474
0 0.50466 0.550987 0.0166301 0.0169956
0 0.503655 0.526042 0.0164474 0.0137061
0 0.592745 0.503701 0.0210161 0.0161732
0 0.461623 0.534128 0.0127924 0.017818
0 0.618238 0.508909 0.0215643 0.0139803
0 0.778874 0.540844 0.0215643 0.0175439
0 0.691703 0.540433 0.0164474 0.0172697
0 0.706689 0.54153 0.0164474 0.013432
0 0.678454 0.511513 0.0173611 0.0153509
0 0.780519 0.507401 0.0201023 0.0191886
0 0.654423 0.501645 0.0160819 0.0153509
0 0.419956 0.559622 0.0204678 0.0150768
0 0.570175 0.50699 0.0164474 0.0150768
0 0.535362 0.503152 0.0122442 0.0150768
0 0.632858 0.490543 0.0219298 0.0123355
0 0.572186 0.538925 0.0175439 0.0126096
0 0.675895 0.563871 0.0166301 0.0126096
0 0.517452 0.507127 0.0158991 0.0191886
0 0.554002 0.516721 0.0148026 0.0164474
0 0.479441 0.552769 0.0184576 0.0172697
0 0.458242 0.50466 0.0140716 0.0169956
0 0.538834 0.544545 0.0166301 0.015625
0 0.693622 0.560581 0.0166301 0.0153509
0 0.738761 0.542215 0.0151681 0.0153509
0 0.497533 0.510554 0.0144371 0.0183662
0 0.53856 0.525768 0.0146199 0.0153509
0 0.581232 0.482319 0.0137061 0.015625
0 0.708516 0.515762 0.0138889 0.015625
0 0.568257 0.485746 0.0148026 0.0158991
0 0.457054 0.550302 0.0146199 0.0128838
0 0.440698 0.527412 0.0184576 0.0197368
0 0.736933 0.564419 0.0144371 0.0164474
0 0.44216 0.506031 0.0158991 0.0180921
0 0.37701 0.501919 0.0226608 0.0180921
0 0.407895 0.527275 0.0160819 0.0128838
0 0.388158 0.562911 0.0263158 0.0211075
0 0.477522 0.512747 0.0135234 0.0167215
0 0.439327 0.556195 0.0153509 0.0164474
0 0.367142 0.53824 0.0281433 0.0304276
0 0.361659 0.564556 0.0270468 0.0287829
0 0.407621 0.506853 0.0166301 0.0202851
0 0.362847 0.734512 0.0455044 0.0540022
